Number of frames: 2
frame: 1
linke_fuss
location 0.000000 0.000000 0.000000
quaternion 1.000000 0.000000 0.000000 0.000000
scale 1.000000 1.000000 1.000000
linke_schienbein
location 0.000000 0.000000 0.000000
quaternion 1.000000 0.000000 0.000000 0.000000
scale 1.000000 1.000000 1.000000
linke_bein
location 0.000000 0.000000 0.000000
quaternion 1.000000 0.000000 0.000000 0.000000
scale 1.000000 1.000000 1.000000
linke_knie
location 0.000000 0.000000 0.000000
quaternion 1.000000 0.000000 0.000000 0.000000
scale 1.000000 1.000000 1.000000
rechte_fuss
location 0.000000 0.000000 0.000000
quaternion 1.000000 0.000000 0.000000 0.000000
scale 1.000000 1.000000 1.000000
rechte_schienbein
location 0.000000 0.000000 0.000000
quaternion 1.000000 0.000000 0.000000 0.000000
scale 1.000000 1.000000 1.000000
rechte_bein
location 0.000000 0.000000 0.000000
quaternion 1.000000 0.000000 0.000000 0.000000
scale 1.000000 1.000000 1.000000
rechte_knie
location 0.000000 0.000000 0.000000
quaternion 1.000000 0.000000 0.000000 0.000000
scale 1.000000 1.000000 1.000000
oberkoerper
location 0.000000 0.000000 0.000000
quaternion 1.000000 0.000000 0.000000 0.000000
scale 1.000000 1.000000 1.000000
linke_oberarm
location 0.000000 0.000000 0.000000
quaternion 1.000000 0.000000 0.000000 0.000000
scale 1.000000 1.000000 1.000000
linke_hand
location 0.000000 0.000000 0.000000
quaternion 1.000000 0.000000 0.000000 0.000000
scale 1.000000 1.000000 1.000000
linke_arm
location 0.000000 0.000000 0.000000
quaternion 1.000000 0.000000 0.000000 0.000000
scale 1.000000 1.000000 1.000000
rechte_oberarm
location 0.000000 0.000000 0.000000
quaternion 1.000000 0.000000 0.000000 0.000000
scale 1.000000 1.000000 1.000000
rechte_hand
location 0.000000 0.000000 0.000000
quaternion 1.000000 0.000000 0.000000 0.000000
scale 1.000000 1.000000 1.000000
rechte_arm
location 0.000000 0.000000 0.000000
quaternion 1.000000 0.000000 0.000000 0.000000
scale 1.000000 1.000000 1.000000
kopf
location 0.000000 0.000000 0.000000
quaternion 1.000000 0.000000 0.000000 0.000000
scale 1.000000 1.000000 1.000000
frame: 11
linke_fuss
location 0.000000 0.000000 0.000000
quaternion 1.000000 0.000000 0.000000 0.000000
scale 1.000000 1.000000 1.000000
linke_schienbein
location 0.000000 0.000000 0.000000
quaternion 1.000000 0.000000 0.000000 0.000000
scale 1.000000 1.000000 1.000000
linke_bein
location 0.000000 0.000000 0.000000
quaternion 1.000000 0.000000 0.000000 0.000000
scale 1.000000 1.000000 1.000000
linke_knie
location 0.000000 0.000000 0.000000
quaternion 1.000000 0.000000 0.000000 0.000000
scale 1.000000 1.000000 1.000000
rechte_fuss
location 0.000000 0.000000 0.000000
quaternion 1.000000 0.000000 0.000000 0.000000
scale 1.000000 1.000000 1.000000
rechte_schienbein
location 0.000000 0.000000 0.000000
quaternion 1.000000 0.000000 0.000000 0.000000
scale 1.000000 1.000000 1.000000
rechte_bein
location 0.000000 0.000000 0.000000
quaternion 1.000000 0.000000 0.000000 0.000000
scale 1.000000 1.000000 1.000000
rechte_knie
location 0.000000 0.000000 0.000000
quaternion 1.000000 0.000000 0.000000 0.000000
scale 1.000000 1.000000 1.000000
oberkoerper
location 0.000000 0.000000 0.000000
quaternion 1.000000 0.000000 0.000000 0.000000
scale 1.000000 1.000000 1.000000
linke_oberarm
location 0.000000 0.000000 0.000000
quaternion 1.000000 0.000000 0.000000 0.000000
scale 1.000000 1.000000 1.000000
linke_hand
location 0.000000 0.000000 0.000000
quaternion 1.000000 0.000000 0.000000 0.000000
scale 1.000000 1.000000 1.000000
linke_arm
location 0.000000 0.000000 0.000000
quaternion 1.000000 0.000000 0.000000 0.000000
scale 1.000000 1.000000 1.000000
rechte_oberarm
location 0.000000 0.000000 0.000000
quaternion 1.000000 0.000000 0.000000 0.000000
scale 1.000000 1.000000 1.000000
rechte_hand
location 0.000000 0.000000 0.000000
quaternion 1.000000 0.000000 0.000000 0.000000
scale 1.000000 1.000000 1.000000
rechte_arm
location 0.000000 0.000000 0.000000
quaternion 1.000000 0.000000 0.000000 0.000000
scale 1.000000 1.000000 1.000000
kopf
location 0.000000 0.000000 0.000000
quaternion 1.000000 0.000000 0.000000 0.000000
scale 1.000000 1.000000 1.000000
frame: 21
linke_fuss
location 0.000000 0.000000 0.000000
quaternion 1.000000 0.000000 0.000000 0.000000
scale 1.000000 1.000000 1.000000
linke_schienbein
location 0.000000 0.000000 0.000000
quaternion 1.000000 0.000000 0.000000 0.000000
scale 1.000000 1.000000 1.000000
linke_bein
location 0.000000 0.000000 0.000000
quaternion 1.000000 0.000000 0.000000 0.000000
scale 1.000000 1.000000 1.000000
linke_knie
location 0.000000 0.000000 0.000000
quaternion 1.000000 0.000000 0.000000 0.000000
scale 1.000000 1.000000 1.000000
rechte_fuss
location 0.000000 0.000000 0.000000
quaternion 1.000000 0.000000 0.000000 0.000000
scale 1.000000 1.000000 1.000000
rechte_schienbein
location 0.000000 0.000000 0.000000
quaternion 1.000000 0.000000 0.000000 0.000000
scale 1.000000 1.000000 1.000000
rechte_bein
location 0.000000 0.000000 0.000000
quaternion 1.000000 0.000000 0.000000 0.000000
scale 1.000000 1.000000 1.000000
rechte_knie
location 0.000000 0.000000 0.000000
quaternion 1.000000 0.000000 0.000000 0.000000
scale 1.000000 1.000000 1.000000
oberkoerper
location 0.000000 0.000000 0.000000
quaternion 1.000000 0.000000 0.000000 0.000000
scale 1.000000 1.000000 1.000000
linke_oberarm
location 0.000000 0.000000 0.000000
quaternion 1.000000 0.000000 0.000000 0.000000
scale 1.000000 1.000000 1.000000
linke_hand
location 0.000000 0.000000 0.000000
quaternion 1.000000 0.000000 0.000000 0.000000
scale 1.000000 1.000000 1.000000
linke_arm
location 0.000000 0.000000 0.000000
quaternion 1.000000 0.000000 0.000000 0.000000
scale 1.000000 1.000000 1.000000
rechte_oberarm
location 0.000000 0.000000 0.000000
quaternion 1.000000 0.000000 0.000000 0.000000
scale 1.000000 1.000000 1.000000
rechte_hand
location 0.000000 0.000000 0.000000
quaternion 1.000000 0.000000 0.000000 0.000000
scale 1.000000 1.000000 1.000000
rechte_arm
location 0.000000 0.000000 0.000000
quaternion 1.000000 0.000000 0.000000 0.000000
scale 1.000000 1.000000 1.000000
kopf
location 0.000000 0.000000 0.000000
quaternion 1.000000 0.000000 0.000000 0.000000
scale 1.000000 1.000000 1.000000
