no 3
nf 32
nm mechArm
nc 1
ch lower
lc 0.000000 0.000000 0.000000 1.000000
lc 0.000000 0.000000 0.000000 1.000000
lc 0.000000 0.000000 0.000000 1.000000
lc 0.000000 0.000000 0.000000 1.000000
lc 0.000000 0.000000 0.000000 1.000000
lc 0.000000 0.000000 0.000000 1.000000
lc 0.000000 0.000000 0.000000 1.000000
lc 0.000000 0.000000 0.000000 1.000000
lc 0.000000 0.000000 0.000000 1.000000
lc 0.000000 0.000000 0.000000 1.000000
lc 0.000000 0.000000 0.000000 1.000000
lc 0.000000 0.000000 0.000000 1.000000
lc 0.000000 0.000000 0.000000 1.000000
lc 0.000000 0.000000 0.000000 1.000000
lc 0.000000 0.000000 0.000000 1.000000
lc 0.000000 0.000000 0.000000 1.000000
lc 0.000000 0.000000 0.000000 1.000000
lc 0.000000 0.000000 0.000000 1.000000
lc 0.000000 0.000000 0.000000 1.000000
lc 0.000000 0.000000 0.000000 1.000000
lc 0.000000 0.000000 0.000000 1.000000
lc 0.000000 0.000000 0.000000 1.000000
lc 0.000000 0.000000 0.000000 1.000000
lc 0.000000 0.000000 0.000000 1.000000
lc 0.000000 0.000000 0.000000 1.000000
lc 0.000000 0.000000 0.000000 1.000000
lc 0.000000 0.000000 0.000000 1.000000
lc 0.000000 0.000000 0.000000 1.000000
lc 0.000000 0.000000 0.000000 1.000000
lc 0.000000 0.000000 0.000000 1.000000
lc 0.000000 0.000000 0.000000 1.000000
rq 1.000000 0.000000 0.000000 0.000000
rq 1.000000 0.000000 0.000000 0.000000
rq 1.000000 0.000000 0.000000 0.000000
rq 1.000000 0.000000 0.000000 0.000000
rq 1.000000 0.000000 0.000000 0.000000
rq 1.000000 0.000000 0.000000 0.000000
rq 1.000000 0.000000 0.000000 0.000000
rq 1.000000 0.000000 0.000000 0.000000
rq 1.000000 0.000000 0.000000 0.000000
rq 1.000000 0.000000 0.000000 0.000000
rq 1.000000 0.000000 0.000000 0.000000
rq 1.000000 0.000000 0.000000 0.000000
rq 1.000000 0.000000 0.000000 0.000000
rq 1.000000 0.000000 0.000000 0.000000
rq 1.000000 0.000000 0.000000 0.000000
rq 1.000000 0.000000 0.000000 0.000000
rq 1.000000 0.000000 0.000000 0.000000
rq 1.000000 0.000000 0.000000 0.000000
rq 1.000000 0.000000 0.000000 0.000000
rq 1.000000 0.000000 0.000000 0.000000
rq 1.000000 0.000000 0.000000 0.000000
rq 1.000000 0.000000 0.000000 0.000000
rq 1.000000 0.000000 0.000000 0.000000
rq 1.000000 0.000000 0.000000 0.000000
rq 1.000000 0.000000 0.000000 0.000000
rq 1.000000 0.000000 0.000000 0.000000
rq 1.000000 0.000000 0.000000 0.000000
rq 1.000000 0.000000 0.000000 0.000000
rq 1.000000 0.000000 0.000000 0.000000
rq 1.000000 0.000000 0.000000 0.000000
rq 1.000000 0.000000 0.000000 0.000000
sc 1.000000 1.000000 1.000000 1.000000
sc 1.000000 1.000000 1.000000 1.000000
sc 1.000000 1.000000 1.000000 1.000000
sc 1.000000 1.000000 1.000000 1.000000
sc 1.000000 1.000000 1.000000 1.000000
sc 1.000000 1.000000 1.000000 1.000000
sc 1.000000 1.000000 1.000000 1.000000
sc 1.000000 1.000000 1.000000 1.000000
sc 1.000000 1.000000 1.000000 1.000000
sc 1.000000 1.000000 1.000000 1.000000
sc 1.000000 1.000000 1.000000 1.000000
sc 1.000000 1.000000 1.000000 1.000000
sc 1.000000 1.000000 1.000000 1.000000
sc 1.000000 1.000000 1.000000 1.000000
sc 1.000000 1.000000 1.000000 1.000000
sc 1.000000 1.000000 1.000000 1.000000
sc 1.000000 1.000000 1.000000 1.000000
sc 1.000000 1.000000 1.000000 1.000000
sc 1.000000 1.000000 1.000000 1.000000
sc 1.000000 1.000000 1.000000 1.000000
sc 1.000000 1.000000 1.000000 1.000000
sc 1.000000 1.000000 1.000000 1.000000
sc 1.000000 1.000000 1.000000 1.000000
sc 1.000000 1.000000 1.000000 1.000000
sc 1.000000 1.000000 1.000000 1.000000
sc 1.000000 1.000000 1.000000 1.000000
sc 1.000000 1.000000 1.000000 1.000000
sc 1.000000 1.000000 1.000000 1.000000
sc 1.000000 1.000000 1.000000 1.000000
sc 1.000000 1.000000 1.000000 1.000000
sc 1.000000 1.000000 1.000000 1.000000
nm lower
nc 1
ch upper
lc 0.000000 0.000000 0.000000 1.000000
lc 0.000000 0.000000 0.000000 1.000000
lc 0.000000 0.000000 0.000000 1.000000
lc 0.000000 0.000000 0.000000 1.000000
lc 0.000000 0.000000 0.000000 1.000000
lc 0.000000 0.000000 0.000000 1.000000
lc 0.000000 0.000000 0.000000 1.000000
lc 0.000000 0.000000 0.000000 1.000000
lc 0.000000 0.000000 0.000000 1.000000
lc 0.000000 0.000000 0.000000 1.000000
lc 0.000000 0.000000 0.000000 1.000000
lc 0.000000 0.000000 0.000000 1.000000
lc 0.000000 0.000000 0.000000 1.000000
lc 0.000000 0.000000 0.000000 1.000000
lc 0.000000 0.000000 0.000000 1.000000
lc 0.000000 0.000000 0.000000 1.000000
lc 0.000000 0.000000 0.000000 1.000000
lc 0.000000 0.000000 0.000000 1.000000
lc 0.000000 0.000000 0.000000 1.000000
lc 0.000000 0.000000 0.000000 1.000000
lc 0.000000 0.000000 0.000000 1.000000
lc 0.000000 0.000000 0.000000 1.000000
lc 0.000000 0.000000 0.000000 1.000000
lc 0.000000 0.000000 0.000000 1.000000
lc 0.000000 0.000000 0.000000 1.000000
lc 0.000000 0.000000 0.000000 1.000000
lc 0.000000 0.000000 0.000000 1.000000
lc 0.000000 0.000000 0.000000 1.000000
lc 0.000000 0.000000 0.000000 1.000000
lc 0.000000 0.000000 0.000000 1.000000
lc 0.000000 0.000000 0.000000 1.000000
rq 1.000000 0.000000 0.000000 0.000000
rq 1.000000 0.000000 0.000000 0.000000
rq 1.000000 0.000000 0.000000 0.000000
rq 1.000000 0.000000 0.000000 0.000000
rq 1.000000 0.000000 0.000000 0.000000
rq 1.000000 0.000000 0.000000 0.000000
rq 1.000000 0.000000 0.000000 0.000000
rq 1.000000 0.000000 0.000000 0.000000
rq 1.000000 0.000000 0.000000 0.000000
rq 1.000000 0.000000 0.000000 0.000000
rq 1.000000 0.000000 0.000000 0.000000
rq 1.000000 0.000000 0.000000 0.000000
rq 1.000000 0.000000 0.000000 0.000000
rq 1.000000 0.000000 0.000000 0.000000
rq 1.000000 0.000000 0.000000 0.000000
rq 1.000000 0.000000 0.000000 0.000000
rq 1.000000 0.000000 0.000000 0.000000
rq 1.000000 0.000000 0.000000 0.000000
rq 1.000000 0.000000 0.000000 0.000000
rq 1.000000 0.000000 0.000000 0.000000
rq 1.000000 0.000000 0.000000 0.000000
rq 0.972131 0.000000 -0.028000 0.000000
rq 0.896488 0.000000 -0.103999 0.000000
rq 0.785014 0.000000 -0.215998 0.000000
rq 0.649652 0.000000 -0.351996 0.000000
rq 0.502347 0.000000 -0.499995 0.000000
rq 0.355042 0.000000 -0.647993 0.000000
rq 0.219680 0.000000 -0.783992 0.000000
rq 0.108206 0.000000 -0.895990 0.000000
rq 0.032563 0.000000 -0.971990 0.000000
rq 0.004694 0.000000 -0.999989 0.000000
sc 1.000000 1.000000 1.000000 1.000000
sc 1.000000 1.000000 1.000000 1.000000
sc 1.000000 1.000000 1.000000 1.000000
sc 1.000000 1.000000 1.000000 1.000000
sc 1.000000 1.000000 1.000000 1.000000
sc 1.000000 1.000000 1.000000 1.000000
sc 1.000000 1.000000 1.000000 1.000000
sc 1.000000 1.000000 1.000000 1.000000
sc 1.000000 1.000000 1.000000 1.000000
sc 1.000000 1.000000 1.000000 1.000000
sc 1.000000 1.000000 1.000000 1.000000
sc 1.000000 1.000000 1.000000 1.000000
sc 1.000000 1.000000 1.000000 1.000000
sc 1.000000 1.000000 1.000000 1.000000
sc 1.000000 1.000000 1.000000 1.000000
sc 1.000000 1.000000 1.000000 1.000000
sc 1.000000 1.000000 1.000000 1.000000
sc 1.000000 1.000000 1.000000 1.000000
sc 1.000000 1.000000 1.000000 1.000000
sc 1.000000 1.000000 1.000000 1.000000
sc 1.000000 1.000000 1.000000 1.000000
sc 1.000000 1.000000 1.000000 1.000000
sc 1.000000 1.000000 1.000000 1.000000
sc 1.000000 1.000000 1.000000 1.000000
sc 1.000000 1.000000 1.000000 1.000000
sc 1.000000 1.000000 1.000000 1.000000
sc 1.000000 1.000000 1.000000 1.000000
sc 1.000000 1.000000 1.000000 1.000000
sc 1.000000 1.000000 1.000000 1.000000
sc 1.000000 1.000000 1.000000 1.000000
sc 1.000000 1.000000 1.000000 1.000000
nm upper
nc 0
lc 0.000000 0.000000 0.000000 1.000000
lc 0.000000 0.000000 0.000000 1.000000
lc 0.000000 0.000000 0.000000 1.000000
lc 0.000000 0.000000 0.000000 1.000000
lc 0.000000 0.000000 0.000000 1.000000
lc 0.000000 0.000000 0.000000 1.000000
lc 0.000000 0.000000 0.000000 1.000000
lc 0.000000 0.000000 0.000000 1.000000
lc 0.000000 0.000000 0.000000 1.000000
lc 0.000000 0.000000 0.000000 1.000000
lc 0.000000 0.000000 0.000000 1.000000
lc 0.000000 0.000000 0.000000 1.000000
lc 0.000000 0.000000 0.000000 1.000000
lc 0.000000 0.000000 0.000000 1.000000
lc 0.000000 0.000000 0.000000 1.000000
lc 0.000000 0.000000 0.000000 1.000000
lc 0.000000 0.000000 0.000000 1.000000
lc 0.000000 0.000000 0.000000 1.000000
lc 0.000000 0.000000 0.000000 1.000000
lc 0.000000 0.000000 0.000000 1.000000
lc 0.000000 0.000000 0.000000 1.000000
lc 0.000000 0.000000 0.000000 1.000000
lc 0.000000 0.000000 0.000000 1.000000
lc 0.000000 0.000000 0.000000 1.000000
lc 0.000000 0.000000 0.000000 1.000000
lc 0.000000 0.000000 0.000000 1.000000
lc 0.000000 0.000000 0.000000 1.000000
lc 0.000000 0.000000 0.000000 1.000000
lc 0.000000 0.000000 0.000000 1.000000
lc 0.000000 0.000000 0.000000 1.000000
lc 0.000000 0.000000 0.000000 1.000000
rq 1.000000 0.000000 0.000000 0.000000
rq 0.999762 -0.011809 0.000000 0.000000
rq 0.998740 -0.043864 0.000000 0.000000
rq 0.996470 -0.091102 0.000000 0.000000
rq 0.992488 -0.148462 0.000000 0.000000
rq 0.986332 -0.210883 0.000000 0.000000
rq 0.977537 -0.273305 0.000000 0.000000
rq 0.965640 -0.330665 0.000000 0.000000
rq 0.950178 -0.377903 0.000000 0.000000
rq 0.930687 -0.409957 0.000000 0.000000
rq 0.906705 -0.421766 0.000000 0.000000
rq 0.878097 -0.418400 -0.017751 -0.008257
rq 0.846052 -0.409262 -0.065933 -0.030670
rq 0.812089 -0.395795 -0.136938 -0.063699
rq 0.777726 -0.379443 -0.223159 -0.103805
rq 0.744484 -0.361648 -0.316987 -0.147451
rq 0.713879 -0.343853 -0.410815 -0.191096
rq 0.687432 -0.327500 -0.497035 -0.231203
rq 0.666661 -0.314034 -0.568040 -0.264232
rq 0.653084 -0.304896 -0.616222 -0.286644
rq 0.648221 -0.301529 -0.633974 -0.294902
rq 0.648221 -0.301529 -0.633974 -0.294902
rq 0.648221 -0.301529 -0.633974 -0.294902
rq 0.648221 -0.301529 -0.633974 -0.294902
rq 0.648221 -0.301529 -0.633974 -0.294902
rq 0.648221 -0.301529 -0.633974 -0.294902
rq 0.648221 -0.301529 -0.633974 -0.294902
rq 0.648221 -0.301529 -0.633974 -0.294902
rq 0.648221 -0.301529 -0.633974 -0.294902
rq 0.648221 -0.301529 -0.633974 -0.294902
rq 0.648221 -0.301529 -0.633974 -0.294902
sc 1.000000 1.000000 1.000000 1.000000
sc 1.000000 1.000000 1.000000 1.000000
sc 1.000000 1.000000 1.000000 1.000000
sc 1.000000 1.000000 1.000000 1.000000
sc 1.000000 1.000000 1.000000 1.000000
sc 1.000000 1.000000 1.000000 1.000000
sc 1.000000 1.000000 1.000000 1.000000
sc 1.000000 1.000000 1.000000 1.000000
sc 1.000000 1.000000 1.000000 1.000000
sc 1.000000 1.000000 1.000000 1.000000
sc 1.000000 1.000000 1.000000 1.000000
sc 1.000000 1.000000 1.000000 1.000000
sc 1.000000 1.000000 1.000000 1.000000
sc 1.000000 1.000000 1.000000 1.000000
sc 1.000000 1.000000 1.000000 1.000000
sc 1.000000 1.000000 1.000000 1.000000
sc 1.000000 1.000000 1.000000 1.000000
sc 1.000000 1.000000 1.000000 1.000000
sc 1.000000 1.000000 1.000000 1.000000
sc 1.000000 1.000000 1.000000 1.000000
sc 1.000000 1.000000 1.000000 1.000000
sc 1.000000 1.000000 1.000000 1.000000
sc 1.000000 1.000000 1.000000 1.000000
sc 1.000000 1.000000 1.000000 1.000000
sc 1.000000 1.000000 1.000000 1.000000
sc 1.000000 1.000000 1.000000 1.000000
sc 1.000000 1.000000 1.000000 1.000000
sc 1.000000 1.000000 1.000000 1.000000
sc 1.000000 1.000000 1.000000 1.000000
sc 1.000000 1.000000 1.000000 1.000000
sc 1.000000 1.000000 1.000000 1.000000
